+----+--------------+----------------------------+------+------+
|    |              |             MAE            |      |      |
| id | model        |   win   loss    tie    all | KLD% | JSD% |
+----+--------------+----------------------------+------+------+
|  1 | BradleyTerry |  17.5   17.5  -----   17.5 | 1.52 | 0.48 |
|  2 | BradleyTerry |  16.0   16.0  -----   16.0 | 1.47 | 0.46 |
|  3 | BradleyTerry |  17.3   17.3  -----   17.3 | 1.61 | 0.49 |
|  4 | RaoKupper    |  24.2   20.1   30.8   25.0 | 3.39 | 0.93 |
|  5 | RaoKupper    |  22.9   22.4   31.2   25.5 | 3.32 | 0.91 |
|  6 | RaoKupper    |  26.7   25.3   37.4   29.8 | 3.89 | 1.01 |
|  7 | Davidson     |  24.3   21.3   32.7   26.1 | 3.45 | 0.95 |
|  8 | Davidson     |  22.5   22.6   33.0   26.0 | 3.37 | 0.93 |
|  9 | Davidson     |  25.2   19.5   31.6   25.4 | 3.14 | 0.85 |
+----+--------------+----------------------------+------+------+
