+----+--------------+----------------------------+------+------+
|    |              |             MAE            |      |      |
| id | model        |   win   loss    tie    all | KLD% | JSD% |
+----+--------------+----------------------------+------+------+
|  1 | BradleyTerry |  18.5   18.5  -----   18.5 | 1.49 | 0.44 |
|  2 | BradleyTerry |  15.3   15.3  -----   15.3 | 1.42 | 0.42 |
|  3 | BradleyTerry |  12.9   12.9  -----   12.9 | 1.40 | 0.42 |
|  4 | RaoKupper    |  27.5   31.1   45.4   34.7 | 3.32 | 0.92 |
|  5 | RaoKupper    |  26.2   29.6   45.7   33.8 | 3.23 | 0.90 |
|  6 | RaoKupper    |  25.1   27.8   42.8   31.9 | 3.28 | 0.87 |
|  7 | Davidson     |  28.6   32.2   49.0   36.6 | 3.41 | 0.94 |
|  8 | Davidson     |  27.5   30.8   49.3   35.9 | 3.32 | 0.92 |
|  9 | Davidson     |  24.1   25.0   35.7   28.2 | 2.93 | 0.81 |
+----+--------------+----------------------------+------+------+
